0.23788482 -0.049937382 -0.038631186 0.21272126 -0.027189193 0.028265204 0.20985027 -0.053062595 0.015707806 0.20675641 -0.019129863 -0.01309643 0.2147881 -0.06026198 0.015049882 0.19721487 -0.061961215 0.02161926 0.25708437 -0.047360685 0.012689777 0.26610076 0.0018293343 0.020017475 -0.17617853 -0.03871307 0.0069997916 -0.16152573 -0.09625294 0.038968828 -0.17123286 -0.047673978 0.0034033125 -0.16214336 -0.07292344 0.0063770646 -0.20889382 -0.06046805 0.029026615 -0.20693362 -0.052466165 -0.02152085 -0.19312808 -0.106118485 0.0030544712 -0.2509691 -0.08046622 -0.015516379 0.045028735 0.009166382 -0.007338985 0.03549243 0.03385794 -0.008940753 0.052477453 -0.014620268 0.04295545 0.06689322 0.036789946 0.016807692 0.078005694 0.03277896 0.016465556 0.07397876 0.024445914 0.000849447 0.094162084 -0.032902922 -0.020921739 0.08704372 -0.020374818 -0.026029805 0.18951012 -0.0137428325 -0.011727806 0.21333924 -0.009997596 -0.00056082703 0.17624149 -0.031721827 0.021045811 0.1991536 0.00055612007 0.038988687 0.16910674 -0.037982706 -0.0016592712 0.21018533 0.004695779 -0.019047596 0.21643938 -0.011125368 -0.024250047 0.18067065 -0.08232189 0.029136976 -0.061939817 -0.032077987 0.016010689 -0.08765045 0.01068918 -0.004490866 -0.111411564 -0.00784587 0.00086065254 -0.074132115 -0.055430353 0.027174762 -0.05874477 0.0068195807 0.0159621 -0.0782732 -0.028732732 -0.024839113 -0.104761876 -0.014371294 0.018856354 -0.09794033 -0.03938914 -0.002605393 -0.234079 0.047072228 -0.019845277 -0.22148938 0.06520668 -0.027299399 -0.2327844 0.03235907 0.004973358 -0.19125034 0.04190609 0.021598665 -0.19107535 0.08080755 -0.007516515 -0.22715057 0.08234883 -0.051375322 -0.22255008 0.039029304 0.006218789 -0.25746515 0.066631824 0.0066332556 -0.009918939 -0.08037732 0.033367503 -0.03216577 -0.097262636 -0.004088507 0.025456624 -0.07791314 0.012526257 -0.011952932 -0.034258615 0.026268119 -0.011784372 -0.044806164 -0.017832296 -0.015852934 -0.049555816 -0.028212655 -0.017315038 -0.084771566 0.016507566 -0.00750176 -0.049319368 0.028811026 0.19261272 0.028072285 -0.016685816 0.13593428 0.020918738 0.010348452 0.18062955 0.034644704 0.0067752907 0.12612204 0.03476058 0.007939137 0.14221789 0.050291352 -0.005385222 0.14993203 0.040494844 -0.03078811 0.14536197 0.04237607 0.02469495 0.17604333 0.04131254 -0.033826824 0.09100153 0.015343995 -0.021570446 0.075725816 0.015118983 0.01686755 0.0713439 -0.0025787752 -0.018880282 0.049971856 0.016578881 0.028105702 0.029427381 -0.008380853 -0.00025625894 0.09187669 -0.045495313 -0.0058225007 0.061544906 0.0006139069 0.0008667927 0.07050703 0.03742908 -0.021818424 -0.091274075 0.07987547 -0.024739485 -0.112691484 0.10683795 -0.04020809 -0.09028052 0.09403572 -0.025793452 -0.1072444 0.11118354 -0.03562611 -0.09500168 0.10900045 -0.0026958273 -0.089137 0.08020696 -0.014520743 -0.062192526 0.10727253 -0.00036397466 -0.11920904 0.1020679 -0.020817924 
-0.08688717 -0.08183349 -0.17123821 0.10132815 0.07803426 -0.027329413 -0.07992904 -0.021759314 -0.16435635 0.09950688 0.06180917 -0.11774228 -0.17022961 -0.25843507 0.015311726 0.15941988 -0.12219084 -0.13171494 0.22636752 -0.15698269 
0.023469545 0.11231478 0.02988136 -0.1301684 -0.053211734 -0.05261135 0.11334936 0.08369541 -0.06510821 -0.05464574 0.14454225 -0.0597409 -0.034894194 0.0076899896 -0.008809729 0.13201696 -0.103648655 0.03704886 0.10575616 0.059297785 
0.037721 -0.11225583 0.059384096 0.108846754 -0.001926354 0.0062739165 -0.057451896 -0.015517305 0.05970325 0.060701538 0.04373864 0.041738503 -0.010197986 0.018001638 0.053538274 -0.03127356 0.123755515 0.033854023 -0.13873696 0.019462332 
-0.24252596 -0.07671476 -0.22165419 0.047116324 0.2666022 0.0038116055 0.0145118525 -0.14125475 0.043168087 0.031079669 -0.08119195 0.0010189923 -0.053450093 -0.19123225 0.11500248 0.028721081 0.060082756 -0.19278237 0.04210976 -0.17673816 
0.037053686 0.087236226 0.031137079 -0.08457078 -0.043306883 0.12934133 0.08227219 -0.020409472 0.0960933 -0.04000768 -0.03502958 0.070929624 0.059375025 0.025001366 0.04645322 -0.06994489 0.0629591 -0.0029531822 -0.021909991 0.0024443627 
-0.03547742 0.21033482 -0.009163718 -0.18160556 0.05048336 -0.07338195 0.17067364 0.11358655 -0.08538896 -0.2526923 -0.10160538 -0.092535 0.17005041 0.00573304 0.082003914 0.006466872 -0.013449495 -0.0036070978 0.02895359 0.019188894 
0.0038555376 0.074363776 -0.021943279 -0.14615771 -0.036601756 0.061023243 0.17205794 -0.11594614 -0.024667302 -0.03838769 -0.09059549 0.02823521 0.091145456 0.020374076 -0.075889185 0.12834041 -0.047210272 0.003783935 0.074678406 -0.023371538 
0.061348457 -0.015466074 0.017741064 -0.013478379 -0.03787388 -0.024770727 -0.23363881 -0.15604737 -0.1291894 0.011016976 -0.072008334 -0.09288145 -0.20160393 -0.019257735 -0.1742552 -0.09814954 -0.26172313 0.015247564 0.20378697 -0.030476168 
0.009824667 -0.008275798 -0.008058264 -0.07272087 -0.053191468 0.20419122 -0.06481346 -0.12632366 0.09191528 0.06832693 -0.12661564 0.06961768 -0.044223793 0.014623105 0.024937002 -0.11968727 0.016085219 -0.02983475 0.057363052 -0.0072887065 
0.06481362 0.008133471 0.00123887 -0.08523716 -0.01840374 0.025578545 0.026932612 0.12168269 -0.022653269 -0.0049680476 0.07245752 0.025447644 -0.048501786 -0.030788267 0.048885148 0.05690026 0.059787694 0.035596944 -0.03014753 -0.010897749 
-0.03882707 -0.04419316 -0.08456752 0.09890735 0.039497595 -0.054551885 -0.0062237573 -0.012404603 -0.12117874 0.04392819 0.007298067 -0.10577171 -0.035120063 -0.15906271 0.047217667 0.087550096 -0.072008595 -0.09276512 0.14239946 -0.14793727 
-0.035699178 0.021754662 -0.00067175156 -0.051001534 -0.014142987 -0.00029160728 0.09487127 0.050822347 -0.019266864 -0.023309378 0.13532977 -0.029934177 -0.025261408 -0.05481441 -0.04017995 0.08209988 -0.07404613 0.0074068727 0.05662825 0.036176406 
0.03370149 -0.13104768 0.042217247 0.08490559 -0.021877892 -0.01608458 -0.038138375 0.03035532 0.026018318 0.08410272 0.06089978 0.047590986 -0.01674762 0.015282825 0.03806293 0.008611963 0.11661155 0.021691218 -0.116468966 0.022647776 
-0.13457377 -0.041742906 -0.07427649 0.064531915 0.20159101 -0.0069489125 0.060543943 -0.099879466 -0.02484325 0.005270783 -0.03255767 -0.011890435 -0.051545575 -0.08074144 0.0741953 0.054191306 0.036021583 -0.0633409 0.0015545472 -0.11828491 
0.02481318 0.009023125 0.0380455 -0.093956225 -0.06904149 0.0815316 0.048443682 -0.034947135 0.073926255 -0.03095132 -0.0034928906 0.025712445 0.014653123 -0.00963263 -0.016649717 -0.020477574 0.035788186 0.0014175046 0.013484375 -0.019887714 
-0.00661565 0.1190952 0.016617993 -0.12619777 -0.0014516307 -0.08697474 0.124530196 0.05844622 -0.07153124 -0.17322631 -0.1277527 -0.07909095 0.14666522 0.0045011495 0.057863355 0.043655206 0.001119032 0.028562881 0.03692401 0.005611702 
0.008394546 0.068820745 -0.0015019698 -0.14529194 -0.01001335 0.08020467 0.17605819 -0.11860194 -0.027622474 -0.045393858 -0.09865333 0.016386002 0.07284008 0.015295179 -0.09268044 0.12805872 -0.06549155 0.021670409 0.0884775 -0.024806483 
0.03964397 -0.0065631103 0.020831075 -0.033360627 -0.02169124 -0.02813246 -0.17421372 -0.095435016 -0.096424475 -0.0079661915 -0.11356541 -0.042571317 -0.118284896 0.005674135 -0.086188994 -0.1172328 -0.15556753 0.023823522 0.12943265 -0.016289582 
0.03306795 -0.008465825 0.028726352 -0.08886493 -0.09468711 0.16167481 -0.0780356 -0.05448029 0.034401305 0.07537508 -0.06876539 0.020021135 -0.05676165 0.011813165 -0.013031251 -0.101560645 0.00024530335 0.014760604 0.06805948 -0.019785658 
0.053659428 -0.016970016 0.03691757 -0.054714072 -0.026082626 0.017513638 0.0047612884 0.070211396 0.03482668 0.00073091936 0.04830383 0.07740216 -0.08102609 -0.009187216 0.027655235 0.05032453 0.07526064 0.021743108 -0.043845277 -0.008551039 
-0.03083157 -0.008587065 -0.056855157 0.05724837 0.017029632 -0.03814088 -0.041795373 -0.0035411748 -0.08386005 0.041192774 0.044534083 -0.0523575 -0.029580103 -0.12161797 0.017447475 0.12679692 -0.05011164 -0.072846174 0.09609517 -0.085060395 
-0.036527812 0.034073573 0.0093631 -0.016013768 0.004047025 -0.014330375 0.053350084 -0.0016339257 -0.027756639 0.031360023 0.12997466 -0.043505054 -0.06291956 -0.06898876 -0.0048978897 0.09346431 -0.072938055 -0.00021294133 0.07191297 0.01379577 
0.021192318 -0.12539814 0.02912314 0.06641379 -0.009661818 -0.029070519 -0.036418375 0.025080305 0.03303254 0.06754651 0.036496066 0.047618393 -0.039834578 -0.009131443 0.01794262 0.01363762 0.13341415 0.013839079 -0.10443034 0.02582469 
-0.13812827 -0.037770566 -0.10289615 0.059076913 0.15189104 -0.05665866 0.038923863 -0.08851599 0.04177968 -0.006919826 -0.041413877 0.005386849 -0.030509105 -0.0563185 0.06346813 0.04026176 0.03748849 -0.096568204 -0.0020772847 -0.10433863 
0.042437393 0.046462458 0.031201765 -0.05672296 -0.074714996 0.09952419 0.06230555 -0.020330224 0.059714105 -0.021534037 -0.000281222 0.007978086 0.019157121 -0.015684236 -0.0013444171 -0.032943804 0.028449517 0.0020768396 0.02999898 -0.019447725 
-0.025462203 0.096489556 0.025393484 -0.10061374 -0.005129941 -0.09190994 0.13197829 0.05480341 -0.086491555 -0.118286654 -0.10675485 -0.10178766 0.10837233 0.006501352 0.06924901 0.045309085 -0.028212957 0.010212144 0.05518456 0.028281836 
0.005805554 0.058950394 0.014101684 -0.11909384 -0.0050434424 0.05089407 0.17220002 -0.11668767 -0.053285312 -0.020258034 -0.078322016 0.020721737 0.08168748 -0.015322624 -0.08592417 0.10230012 -0.06459933 0.027246486 0.06694099 -0.024912843 
0.026108425 0.0039289556 0.004690931 -0.029065898 -0.052905377 -0.036260508 -0.15426967 -0.052514557 -0.08250446 0.0021964624 -0.051175598 -0.022899901 -0.120888665 -0.020410318 -0.070621565 -0.08448874 -0.13897483 0.015847992 0.117565304 -0.007119445 
0.033710845 -0.013365769 0.036111966 -0.108419694 -0.10326477 0.1468184 -0.086634204 -0.066571586 0.0046613985 0.05538287 -0.06169587 0.029236328 -0.030892923 0.024346735 -0.005569613 -0.072452195 -0.016527308 0.009131178 0.054901347 -0.0077585075 
0.036054485 -0.018680753 0.03731093 -0.06816669 -0.016541822 0.043062463 -0.009226479 0.0457815 0.0136472965 0.012801803 0.052312125 0.061087936 -0.067419 -0.020065852 0.044410694 0.05942922 0.059689183 0.024578672 -0.08173246 -0.013487999 
-0.034138177 -0.036013126 -0.0473686 0.032287415 0.036508366 -0.072452836 -0.04558384 0.0013608288 -0.08634396 0.024381 0.040026877 -0.06794261 -0.039258465 -0.11022563 0.012476529 0.13660261 -0.030794736 -0.046395406 0.10547494 -0.079056054 
0.0056255423 0.046611555 0.019113194 -0.078596644 0.014955347 -0.0040430557 0.09729819 0.02702911 -0.028350567 0.035184547 0.1338748 -0.053776722 -0.0157421 -0.04952163 -0.010723603 0.076086625 -0.086215205 -0.0038054667 0.07115892 0.020739552 
0.019958295 -0.1048421 0.032073725 0.07287649 -0.012619664 -0.029883467 -0.046820395 0.016591728 0.062101245 0.070860304 0.06865396 0.047267858 -0.012453645 0.0059025404 0.063476056 0.009346995 0.14693338 0.03237032 -0.10194297 0.008265332 
-0.16914396 -0.026952328 -0.12405382 0.046872236 0.1569261 -0.064611256 0.008768509 -0.11162207 0.021044431 -0.0008052733 -0.061362296 -0.0076074037 -0.0042397124 -0.051671635 0.073807955 0.02848848 0.054384463 -0.117024176 0.00053299154 -0.08799077 
0.047650326 0.05035718 0.038240053 -0.06134825 -0.05224975 0.09231051 0.060770307 0.006794997 0.06701956 -0.043350346 0.0055398047 0.05122529 0.018212356 0.0053767767 -0.00085952843 -0.04290325 0.02098554 0.020525755 0.011422308 0.01778762 
-0.021847222 0.11969037 0.0022716688 -0.11043061 0.02109346 -0.06553542 0.12706843 0.07195764 -0.08221078 -0.1440692 -0.10410829 -0.10595597 0.11522205 0.0045662834 0.06361944 0.03025072 -0.023401314 0.0017149369 0.0681715 0.00058906834 
0.026576685 0.0837833 0.017772835 -0.15518597 -0.022544304 0.055780783 0.1757667 -0.10900134 -0.02892413 -0.04434721 -0.06373494 0.04342774 0.09243004 -0.016171647 -0.089154154 0.10944223 -0.043657064 0.01794486 0.06389746 -0.017359637 
0.022995126 0.013663737 0.0018145827 -0.043665756 -0.041034188 -0.033058845 -0.15862411 -0.09525567 -0.09838409 -0.016841594 -0.042442843 -0.0410757 -0.09935285 0.00047386767 -0.07739787 -0.0698953 -0.13782506 0.0076027424 0.12791806 -0.03764527 
0.0226883 0.0018485744 0.025001312 -0.09410599 -0.06637397 0.17410438 -0.08093894 -0.047902696 0.003896172 0.063156195 -0.11357787 0.012834815 -0.03669828 0.015552458 -0.011206846 -0.11477526 0.014761445 -0.009743586 0.03260709 0.005344784 
0.029727746 -0.015739502 0.00038049303 -0.074742354 0.007990306 0.042623073 0.001929861 0.033948556 -0.0024295077 0.0054234406 0.04105054 0.0596217 -0.090326056 -0.035001867 0.027218211 0.049442053 0.038133945 0.017503984 -0.018387944 -0.015032622 
-0.029381871 -0.07210727 -0.04883491 0.076762885 0.019223956 -0.038651682 0.014649518 0.015093535 -0.07686237 0.06758714 0.015765933 -0.04250306 -0.044383697 -0.13393673 -0.0005228643 0.12782592 -0.044437725 -0.065899044 0.1342503 -0.091847315 
-0.00014495463 0.031454504 0.0010833503 -0.052331064 -0.022721723 0.0024063499 0.08033092 0.04739119 -0.019151496 0.01711908 0.12555921 -0.033810902 -0.010572144 -0.018379891 0.0073139872 0.09330878 -0.07912589 0.01648235 0.04916909 0.057508446 
0.010459381 -0.12588918 0.024983458 0.07819113 0.0026763284 -0.020582374 -0.060524963 0.017918307 0.052603915 0.07693215 0.068737924 0.04969858 -0.029677879 0.02161437 0.050997544 0.028336205 0.13142121 0.036136284 -0.12489895 -0.010735549 
-0.14805038 -0.053388912 -0.094535284 0.04055134 0.14617172 -0.059879474 0.033041127 -0.10183716 0.007971 0.025452066 -0.050444078 -0.001477612 7.225855e-05 -0.07482845 0.0658266 0.062260598 0.03436451 -0.08926665 0.010504134 -0.113409825 
0.033526808 0.044380616 0.05975356 -0.07089749 -0.06764721 0.08203962 0.05625554 -0.019229963 0.079159975 -0.04325984 -0.0006096595 0.04772567 0.01337484 -0.012270562 0.0043925405 -0.041530643 0.036741454 0.026883952 -0.0007513377 -0.0099035455 
-0.028781151 0.1212795 -0.010852191 -0.12762173 0.022437256 -0.08601977 0.13254811 0.058099356 -0.06001069 -0.17047542 -0.13425763 -0.086220264 0.11388427 -0.0025269596 0.0735065 0.017182183 -0.02181574 0.030765101 0.06780439 0.009823671 
0.034682747 0.082795806 0.008947522 -0.14780244 -0.043439556 0.028995734 0.19394128 -0.0967586 -0.040394675 -0.027533004 -0.05485749 0.05693428 0.07728045 0.0036309992 -0.094932675 0.1323184 -0.039288342 0.041908767 0.046612408 0.015953798 
0.03956802 0.020293888 -0.0020416542 -0.027175704 -0.021798518 -0.020642223 -0.14649613 -0.10408804 -0.08990897 -0.025450986 -0.041239005 -0.059067514 -0.11248228 -0.025674116 -0.05746447 -0.109001346 -0.12269092 0.009542574 0.12138476 -0.026482427 
0.03745971 -0.0017718471 0.018554522 -0.08592408 -0.06681732 0.16000591 -0.06328265 -0.06275472 0.013548742 0.06313829 -0.079747014 0.039479118 -0.0672837 0.011502955 -0.0055749766 -0.08461497 0.024348477 -0.011208819 0.056136396 -0.028369376 
0.038563807 -0.006245934 0.013427663 -0.06413066 0.011117051 0.0117767975 0.010000197 0.041697524 0.0129522765 0.010222125 0.06805385 0.028421002 -0.062783696 -0.011464708 0.020838248 0.05291133 0.03530099 0.027806312 -0.042048935 -0.028518774 
-0.028618166 -0.07391383 -0.06198568 0.03270672 -0.0028122934 -0.045742147 0.0076666493 0.004025541 -0.11498534 0.08108879 0.052041855 -0.08231019 -0.06927344 -0.16874203 -0.012473293 0.13599351 -0.015055574 -0.05303762 0.1372424 -0.107201144 
0.0064546354 0.06945168 0.013884839 -0.05559963 -0.022496073 -0.018092277 0.077889495 0.04305655 -0.012996428 -0.014689022 0.14763995 -0.05855485 -0.0036652612 -0.005626613 -0.03207325 0.0691351 -0.08731103 0.012975471 0.044537265 0.041614685 
0.0044200737 -0.1371079 0.02362318 0.09184269 -0.016013086 -0.043695834 -0.039501052 0.008025962 0.03122892 0.07116796 0.05959756 0.05339621 -0.031146398 0.030243916 0.0443513 -0.01518631 0.12886108 0.04043437 -0.09454379 0.0062337825 
-0.1464519 -0.036384173 -0.10418851 0.043144945 0.16421977 -0.028854558 0.06029472 -0.102670215 0.015591938 0.031467613 -0.07454809 -7.7515506e-05 0.0017478236 -0.14415863 0.08487947 0.049441334 0.038799506 -0.0875999 -0.0088894935 -0.14997718 
0.05531088 0.05244943 0.060759567 -0.06303757 -0.064144954 0.06830206 0.04830813 0.0115123885 0.062602386 -0.023596864 -0.011183166 0.05525596 0.024549218 0.041822482 -0.008869407 -0.05024029 0.025173564 0.038063537 -0.0020729692 0.0301766 
-0.010860532 0.09243677 0.020044398 -0.10488086 -0.0022697132 -0.04346318 0.117906876 0.0682699 -0.084866986 -0.14852881 -0.12536602 -0.08675288 0.12319317 -0.00095807813 0.058549024 0.05957749 0.0018553224 -0.00019707692 0.03776032 0.014937859 
0.0068200654 0.06374513 0.0073522828 -0.1622691 -0.015138356 0.03721289 0.17854498 -0.0817214 -0.028923284 -0.020671744 -0.060915764 0.0505028 0.059762042 -0.0041358117 -0.09500584 0.116453044 -0.041510846 0.04833215 0.043892458 0.024906874 
0.03214078 0.019485833 -0.017033527 -0.037973434 -0.048698414 -0.019219957 -0.15640667 -0.09177107 -0.08070029 -0.030906547 -0.07333796 -0.028813321 -0.11291225 -0.018847601 -0.0328512 -0.089795545 -0.13137831 -0.0073853615 0.1223375 -0.06455332 
0.023848655 -0.01205205 0.021282278 -0.07569897 -0.08416172 0.12734644 -0.10339292 -0.037926868 0.0158097 0.068610266 -0.078265406 0.011825278 -0.04715113 0.0063542863 -0.005148035 -0.06674651 0.004874049 -0.022922918 0.049890902 -0.007476283 
0.04161406 -0.010377708 0.001439754 -0.07346685 -0.002774888 0.021015793 -0.011373243 0.037430733 -0.0024384044 0.0043180883 0.060785636 0.03200752 -0.058894586 -0.04242392 0.014913727 0.04025747 0.05727295 0.0071135974 -0.032663748 0.0077705774 
0.002121259 -0.08742232 -0.065336294 0.04758725 0.002875632 -0.07748341 0.011318941 0.009359118 -0.0918234 0.0488364 0.03199521 -0.07058461 -0.100050405 -0.115881525 -0.0035648681 0.11570372 -0.056355257 -0.037646588 0.11198638 -0.07056035 
-0.009785854 0.048658922 -0.0041378844 -0.04584579 -0.037246365 0.010534399 0.07318955 0.025393952 -0.0057515833 0.007122446 0.14561163 -0.036480878 -0.03080928 -0.0006615731 -0.0040166373 0.108196296 -0.07589156 -0.01093173 0.06499004 0.0066971034 
0.029444072 -0.12806924 0.019139081 0.110843875 0.0005163523 -0.014728358 -0.049832556 0.010921995 0.035610706 0.06531944 0.037357084 0.059145886 -0.0030986418 0.012686938 0.014983699 -0.0031306373 0.14452069 0.025174184 -0.1116693 0.012431816 
-0.15647557 -0.07190565 -0.09781568 0.03475909 0.17440511 -0.0418354 0.009013285 -0.09693185 0.01914598 0.016995363 -0.05404247 0.010867322 -0.0058818613 -0.11631194 0.08200156 0.062748305 0.038508978 -0.07319433 -0.01230543 -0.12523672 
0.022183228 0.022465156 0.056350708 -0.07207316 -0.06015106 0.07924212 0.056614958 0.01328697 0.0649297 -0.03819867 -0.020400481 0.040385738 0.034247737 0.03674854 0.0058704074 -0.027006516 0.035045683 0.021287369 0.0076126824 0.018402632 
0.009617504 0.10814704 0.027904477 -0.14716853 0.0046572033 -0.0830826 0.099742375 0.053066418 -0.05088108 -0.16264352 -0.12366682 -0.103476904 0.12108462 0.005333426 0.036937743 0.03780986 -0.0029983395 0.012310948 0.069098786 0.018146716 
0.014219396 0.060018722 0.010091996 -0.15062173 -0.021192757 0.06582955 0.18587984 -0.09299128 -0.031978585 -0.034430485 -0.08345318 0.03735523 0.058165442 -0.0011307356 -0.09006546 0.09047586 -0.021826006 0.0400111 0.056520768 -0.0030011889 
0.050135367 0.034181464 -0.016043711 -0.043598555 -0.052241724 -0.03395744 -0.16173992 -0.07787839 -0.08374511 -0.021088332 -0.043484375 -0.07581829 -0.121077955 -0.028612025 -0.06365541 -0.04952771 -0.133622 0.0077010896 0.11186256 -0.02224525 
0.020651499 0.0013333969 0.024159856 -0.0778662 -0.07021779 0.16391696 -0.089849845 -0.03189636 0.030140452 0.05308451 -0.08026999 0.06792145 -0.069715865 0.0027180512 -0.014376393 -0.085176185 -0.013288699 -0.021831375 0.04901259 -0.007614025 
0.060705807 -0.0058376873 0.0031832163 -0.056971487 -0.029638566 0.018123366 0.028478237 0.04240621 0.029312218 -0.005422672 0.07710441 0.068400964 -0.0855942 -0.032236177 0.00986777 0.06502703 0.06626092 0.013738661 -0.032425314 -0.002680399 
-0.023123493 -0.07103299 -0.076900646 0.08948403 -0.004943346 -0.06928783 0.034086987 -0.005627463 -0.08223899 0.044505805 0.005635001 -0.05799588 -0.058990855 -0.11150229 0.008067851 0.121621 -0.068865776 -0.067917585 0.092750505 -0.102923036 
-0.019482186 0.051656693 0.013837278 -0.07633431 -0.0037249017 -0.015075544 0.066933006 0.030762512 -0.005014842 0.027000155 0.15570375 -0.06736587 -0.030105868 -0.0024618448 -0.020297006 0.09634648 -0.08662409 -0.0002782386 0.10850759 0.0029476616 
0.022541016 -0.121619076 0.032873064 0.06613014 0.0034685745 -0.0052239494 -0.040193975 0.021282338 0.053969804 0.07000105 0.072862595 0.044686414 -0.00798012 0.0016176554 0.05971317 -0.016568175 0.13321315 0.0042111683 -0.1316831 0.031898227 
-0.13514629 -0.056007568 -0.10147612 0.052837998 0.15804732 -0.07392163 0.026526468 -0.10073796 -0.004680602 0.049222786 -0.047012568 -0.0035378449 -0.017849477 -0.09419097 0.059839163 0.02906919 0.038224857 -0.100400284 0.009066098 -0.11417551 
0.034937095 0.041085817 0.06748685 -0.06495271 -0.050603848 0.06861164 0.07358975 -0.009011947 0.051613912 -0.051978014 -0.0072426293 0.058207944 0.02076378 0.0024167697 0.0061114226 -0.05003559 0.035800666 0.007153239 -0.0059572635 0.01912233 
-0.0028670486 0.103066765 0.008483875 -0.13396972 0.014184288 -0.07685549 0.11185208 0.064324684 -0.06988487 -0.13758104 -0.12902384 -0.098137245 0.106877394 0.0011627544 0.08012775 0.02193307 0.0055879485 0.02520339 0.07245527 0.0055440213 
0.009997385 0.06815637 0.012714596 -0.13353772 -0.023812467 0.07131287 0.17584324 -0.076480776 0.013382667 -0.028546738 -0.06162223 0.036881406 0.09089517 0.005877602 -0.06776417 0.113460705 -0.04391917 0.030036276 0.06687923 0.005690934 
0.058524754 0.021888092 0.017475028 -0.053550392 -0.059081156 -0.03686804 -0.21735565 -0.107718594 -0.05469145 -0.0015108734 -0.030266855 -0.059752114 -0.12405842 -0.024166878 -0.061621573 -0.07918351 -0.12118529 0.011231659 0.108024724 -0.016857687 
0.04404665 0.00455094 0.023421595 -0.065161325 -0.10203734 0.13972159 -0.066648506 -0.065563396 0.025629535 0.043151718 -0.077044114 0.043533966 -0.05615719 0.029276958 0.0055423984 -0.085940264 -0.009345705 -0.027559554 0.025969682 -0.013390493 
0.034601383 0.028283792 0.026715877 -0.058267977 -0.035003193 0.038559645 0.0018080524 0.05848365 -0.00046814498 -0.00020822606 0.08836962 0.07972033 -0.09194674 -0.012943963 0.047908764 0.02385967 0.05412663 0.038336422 -0.055110592 0.008541804 
-0.026614709 -0.050081633 -0.08458908 0.024112005 0.02307731 -0.059407327 -0.022956146 -0.019317595 -0.07876293 0.0681716 0.050491195 -0.04842002 -0.08553314 -0.13505371 0.011059225 0.0917539 -0.054566197 -0.071127325 0.116959274 -0.08378384 
0.005133886 0.08166405 0.032784455 -0.056425203 -0.0071713426 -0.03092004 0.06825593 0.024625028 -0.022828594 0.028928427 0.13270505 -0.0328127 -0.024032632 -0.009964005 -0.009689007 0.1023966 -0.08451472 0.027079798 0.074747026 -0.007161286 
0.018787518 -0.129308 0.0025030528 0.108717024 -0.004662247 -0.042858444 -0.049431194 0.009733855 0.055511177 0.057010558 0.05815061 0.0437129 -0.034142025 0.01691534 0.038278386 -0.0066851526 0.1293561 0.010410909 -0.13871023 0.011497634 
-0.17397393 -0.05089019 -0.14318651 0.044107594 0.16784768 -0.030182391 -0.0021713686 -0.13915294 0.0055662026 0.039680604 -0.06395496 0.02510655 -0.05022652 -0.11800272 0.08351217 0.0650658 0.038231086 -0.13096936 0.03600534 -0.105140015 
0.03996243 0.037739247 0.043571036 -0.05163928 -0.041229498 0.090016365 0.04365789 -0.005301501 0.064402066 -0.04186011 -0.019193947 0.039911136 0.019687112 0.029798051 0.003788683 -0.024130415 0.026863148 0.04652461 0.016866121 0.036092408 
-0.010615064 0.14679985 0.019014591 -0.114615075 0.023038827 -0.05528021 0.1136728 0.05105727 -0.052747373 -0.17063732 -0.121826716 -0.07456623 0.118250936 -0.0013493339 0.06890659 0.06246 0.017865527 0.019516956 0.064027034 0.020427529 
0.036216684 0.08463065 0.004891793 -0.16447897 -0.01785277 0.06065688 0.20487112 -0.08748693 -0.036009714 -0.021331519 -0.06951186 0.03158444 0.099717475 -0.012707795 -0.058572564 0.074931376 -0.033564296 0.007679673 0.06299726 -0.01268659 
0.038285512 0.035524126 -0.0037776232 -0.02174736 -0.06693188 -0.03893537 -0.17449932 -0.10282377 -0.077020906 -0.014628017 -0.04843397 -0.046841823 -0.088755235 -0.005999528 -0.079279356 -0.067766935 -0.13509749 0.027108904 0.12048466 -0.032387927 
0.029045088 -0.015939927 0.033476997 -0.06722251 -0.06746187 0.15749724 -0.07527087 -0.0746253 0.013398625 0.061103113 -0.07899886 0.04788767 -0.03983125 0.0014249868 -0.0032842408 -0.07880817 -0.008702639 -0.001576841 0.055072423 0.031455945 
0.04697073 -0.0048281723 0.009383069 -0.06605182 -0.0034051512 0.020841345 0.009549052 0.054765094 0.036513187 -0.0030212435 0.08434062 0.048499405 -0.08653846 -0.041741006 0.02923647 0.046659313 0.053201653 0.025135824 -0.061358973 0.010774505 
0.005819104 -0.014210558 -0.028744632 0.028826527 0.00070982816 -0.06117301 -0.03056784 0.039066244 -0.09821068 0.05330414 0.028420746 -0.030567318 -0.0280969 -0.16395114 -0.015497441 0.115555614 -0.059492767 -0.041846666 0.09850664 -0.07175921 
-0.0024917684 0.00031106253 -0.00047731804 -0.024450876 -0.017937388 -0.016107269 0.05066179 0.00022418995 -0.0062242807 0.03156682 0.110698335 -0.0039347904 -0.046403937 -0.026299402 -0.040649932 0.070789695 -0.07924523 -0.016414002 0.10158356 -0.011965057 
0.01767106 -0.08916485 0.04562205 0.091193534 -0.023187496 -0.035562906 -0.05123345 0.009464459 0.041035283 0.08002707 0.06880808 0.015748156 -0.020986145 0.010079276 0.026745442 0.01394743 0.12770055 0.025305798 -0.09152706 0.011617912 
-0.1396358 -0.04159599 -0.07004283 0.048111472 0.17956488 -0.075571366 0.013899334 -0.08189834 0.025151772 0.040377457 -0.016299443 0.044243436 -0.0015552972 -0.117891446 0.0771823 0.046027184 0.030276751 -0.05712518 0.022703057 -0.07297219 
0.02651387 0.028731747 0.041127555 -0.09109785 -0.048990127 0.09743614 0.052038193 -0.006895907 0.06562308 -0.029371109 -0.005329248 0.044564985 0.02195077 0.011738387 0.01553141 -0.059002098 0.024759397 0.03637954 0.009908141 0.017262397 
0.002688454 0.07683951 0.020173829 -0.10774833 0.018560836 -0.054288868 0.10457787 0.07425956 -0.089450255 -0.13052604 -0.12493047 -0.10180164 0.12911716 0.0060324743 0.07027723 0.022087947 0.01413369 0.014629161 0.08438114 0.022112388 
0.037607323 0.098915644 -0.010953787 -0.15110548 -0.02857798 0.07391908 0.2007517 -0.087353475 -0.02619439 -0.029018825 -0.052194793 0.0104216 0.067387685 -0.0022069798 -0.08568053 0.116194494 -0.06090163 0.039334986 0.06262803 -0.014145113 
0.041936982 0.01964486 0.03273286 -0.029613221 -0.044517715 -0.026382113 -0.15491734 -0.04970725 -0.065040976 -0.0048153885 -0.06971483 -0.05607162 -0.090075195 -0.011538797 -0.06494851 -0.11546995 -0.15506595 0.02321125 0.11465961 -0.03831726 
0.035604037 -0.020887105 0.032744832 -0.09972087 -0.07198923 0.1565302 -0.09894235 -0.06110766 -0.0023960953 0.07540349 -0.05800063 0.016969549 -0.054927923 -0.014909562 -0.024935646 -0.081422426 -0.006454112 0.0010846544 0.01770622 0.00080139237 
0.050801337 -0.008242589 0.021533147 -0.063085176 -0.037362337 -0.018640747 -0.0020363985 0.056633186 0.02857383 0.024720656 0.06593233 0.056803085 -0.08023241 -0.039063193 0.03270802 0.05731806 0.07652335 0.03950024 -0.053320866 0.013199651 
-0.042389914 -0.067257315 -0.049611975 0.04454034 0.034920447 -0.059531152 -0.017989453 0.0140216015 -0.12355509 0.085414596 0.052680317 -0.07085632 0.0011943479 -0.1790745 0.010392093 0.13687597 -0.049346924 -0.08032906 0.0916909 -0.13495846 
0.0028662216 0.0067920354 -0.027686201 -0.046474036 -0.031853944 0.019523228 0.048874635 0.044914626 0.0037749088 0.015206829 0.11422827 -0.027469449 -0.05808628 -0.043833397 -0.034037556 0.08382516 -0.09732077 -0.03679102 0.14696985 -0.0059066997 
0.023433499 -0.08755103 0.051293522 0.07583976 -0.005245629 -0.04657934 -0.051539104 0.0013504921 0.03134959 0.09235202 0.05682145 0.0181034 -0.026324201 0.0004792403 0.0343116 0.006331475 0.11565727 0.02547653 -0.09653932 0.033633694 
-0.1566237 -0.052150242 -0.043134592 0.0763018 0.1915419 -0.07088924 0.011116852 -0.0814922 -0.02459161 0.04169328 -0.04441777 -0.018118499 0.015890371 -0.1343049 0.09745489 0.05978846 0.037956048 -0.058556907 -0.012833529 -0.12774295 
0.047017783 0.06271258 0.041176956 -0.051217336 -0.060372267 0.08721868 0.054469287 -0.017881975 0.06556133 -0.028813222 0.0026066718 0.049826104 -0.0030451352 0.013385875 -0.016911518 -0.028404698 0.055040486 0.026473219 0.0036018393 0.021440871 
0.0033175608 0.12996148 0.006213142 -0.08953118 -0.013441294 -0.096509404 0.120218225 0.068933465 -0.099534415 -0.17398289 -0.1047608 -0.08030243 0.12901625 0.01758148 0.07288873 0.06046963 0.0223102 0.007482267 0.08153332 0.015985262 
0.012315439 0.07251289 0.004007476 -0.14983615 -0.02560256 0.08502589 0.1823049 -0.087506965 -0.009261942 -0.0571416 -0.05498291 0.026430368 0.065610796 0.0113443425 -0.09115931 0.113840446 -0.058782533 0.037466325 0.06141116 -0.015546381 
0.031591948 -0.00033646004 -0.017297966 -0.016515087 -0.060396094 -0.03241999 -0.15427873 -0.082280025 -0.065234244 -0.0020075426 -0.09108559 -0.0613467 -0.089055285 -0.013171828 -0.06445156 -0.09383304 -0.2031799 0.017108545 0.16574825 -0.027787646 
0.033821065 0.009373273 0.036007732 -0.08444754 -0.07613961 0.16540788 -0.062192418 -0.06520906 0.015635625 0.07301956 -0.084855504 0.03614535 -0.058130555 0.00324106 0.00096160255 -0.08345371 -0.012279574 0.0017026688 0.022906452 0.0098662 
0.0653689 -0.00793137 0.026341816 -0.06812168 -0.028447699 0.010844661 0.008599731 0.045404766 0.02570121 0.016429134 0.039930504 0.06186262 -0.056005858 -0.026190411 0.057088424 0.058451127 0.0981461 0.026477851 -0.06620871 0.010124775 
-0.07540128 -0.101655126 -0.16034375 0.059093747 0.06590975 -0.026240505 -0.0765521 -0.03313955 -0.21011224 0.121009156 0.08537167 -0.12965956 -0.16589637 -0.23793525 0.018104032 0.17709295 -0.08608556 -0.119402304 0.18131706 -0.19138364 
0.02142768 0.14224933 0.06080851 -0.08029419 -0.022284176 0.0055599804 0.09898807 0.10079448 -0.08692596 -0.035791032 0.20039992 -0.067589015 -0.007536146 -0.0017890543 0.0073660207 0.10693117 -0.124367625 0.067344554 0.16224623 0.028247548 
0.0357026 -0.1529049 0.049105108 0.0886217 -0.017888999 -0.011783895 -0.05274081 -0.061640177 0.08303932 0.084832504 0.015316018 0.064015694 -0.04075972 0.017277945 0.028069805 -0.028099855 0.12049194 0.04794391 -0.13348912 0.0202092 
-0.24743885 -0.076887 -0.23287818 0.045153096 0.2779527 0.011253692 0.03563506 -0.11586441 0.0059482465 0.039136685 -0.0854787 0.0013352247 -0.0644061 -0.21969436 0.12313677 0.03942776 0.040714204 -0.17734323 0.008196198 -0.2102725 
0.04612752 0.051612575 0.04378331 -0.10181213 -0.03333869 0.1048508 0.103283145 -0.02341491 0.085458934 -0.036987696 -0.048633125 0.0950168 0.07842276 0.05060789 0.040223278 -0.074096106 0.08943121 0.041541506 -0.017267026 0.023775771 
-0.037108503 0.199619 -0.006996303 -0.18624026 0.04011902 -0.04247442 0.17304917 0.13004921 -0.11349984 -0.27365994 -0.09631853 -0.12226664 0.11785255 -0.0001304125 0.133959 0.04128408 -0.027608976 0.0029083726 0.11227518 0.0018184078 
0.02530681 0.09783376 0.01673757 -0.15467584 -0.028775634 0.034418933 0.19219463 -0.11380483 -0.0088066235 -0.026266363 -0.080081664 0.0042561167 0.060043406 -0.0060742027 -0.07833985 0.10052723 -0.053775698 0.019458778 0.074803 -0.02579172 
0.046422765 -0.04327469 0.0029069947 -0.013828688 -0.04380302 -0.036626462 -0.20818265 -0.15343535 -0.09232022 0.0031462063 -0.08222597 -0.09760908 -0.18762258 -0.043490805 -0.16553496 -0.04845668 -0.2676731 0.01978028 0.1963125 -0.037190255 
0.025350675 -0.0019036869 0.015300723 -0.10824124 -0.086739495 0.18806753 -0.08018277 -0.12727152 0.08623845 0.07328451 -0.14211507 0.071579106 -0.0368613 0.017338777 0.014485762 -0.12200678 0.028204147 -0.028994925 0.0010484705 -0.0010431368 
0.040308453 0.009144621 0.008937714 -0.107005835 -0.0052807094 0.024111614 0.00016391506 0.11596082 0.023890905 -0.014626478 0.094892666 0.05947369 -0.08617169 -0.040855486 0.052287776 0.06415383 0.08583425 0.008411185 -0.060411252 0.00727826 
-0.20418812 0.350368 -0.25570798 -0.3561214 0.25140542 0.30973864 0.2986806 -0.31773216 0.3372428 -0.29072303 -0.28922665 0.28794163 0.31674284 -0.2721587 0.20783707 -0.27159175 0.22109573 -0.21414968 -0.31797853 -0.24185674 
0.36884513 
0.19075042 
1.030994 0.018159043 -1.082546 0.86661166 -1.112929 0.47918823 -0.9202038 -0.25280416 1.1209521 0.90884906 
-0.06730868 -0.7575561 0.6308931 0.6861609 -1.0059366 -0.48968676 -1.5363982 -1.2853696 -1.3561951 0.21569581 
-0.23086736 -0.054582924 -0.17983533 0.078095056 0.16689888 -0.07485256 0.013056748 0.08928949 0.16855817 0.04689461 -0.09162592 0.13787381 0.061022416 -0.072545424 0.09182918 -0.028719846 0.01136006 -0.18676768 -0.23877454 -0.11991495 
0.074894466 
-3.986603642860085 -3.996742507590961 -3.998519345325039 -3.98564534244441 -3.995452403436923 -3.9962624752531557 -3.98573582498679 -3.9934244376297263 -3.9954429214048157 -3.984053550201767 -3.9931388205573075 -3.994342596425057 -3.983959039483783 -3.9950490191456467 -3.9949091125361527 -3.9815664758608165 -3.9939776817889667 -3.993402240753011 -3.9814639027989545 -3.9946619386407494 -3.993955988597841 -3.983386176159098 -3.9956482983916124 -3.994776317534747 -3.9841756452726615 -3.994811649424798 -3.994526177161804 -3.985201090246336 -3.995003892318347 -3.9948490446229017 -3.9855129560676374 -3.9962631720495687 -3.995581353110312 -3.987844248764863 -3.9967723051784123 -3.9961878764806382 -3.9856720808272628 -3.9983732325805392 -3.996818295784689 -3.984240797718377 -3.9982132058065196 -3.9970912581335547 -3.9845685522192613 -3.9982639264747077 -3.996963987906751 -3.9870787500342897 -3.998600274473642 -3.9972834120334526 -3.988227581682783 -3.9994933242489425 -3.997860894475406 -3.9886126241379576 -4.000293646508788 -3.9982255512327023 -3.989807586626591 -4.001218874098601 -3.999684571126221 -3.993397966008033 -4.004245336656422 -4.00161094836006 -3.9945834899397608 -4.006200570090679 -4.002339379846174 -3.9944255538708355 -4.007218841300394 -4.004125789109761 -3.9960432505736363 -4.007225051060012 -4.005407072050075 -3.998844215753188 -4.008094911270073 -4.006985859410862 -4.001579689008428 -4.008626334030598 -4.007675476795914 -4.0006850336423225 -4.006508955835394 -4.006371400646121 -3.9985134690369337 -4.005746167198946 -4.004738784293749 -3.9955053043094804 -4.003813093147066 -4.002439240276301 -3.994177384409493 -4.002492252145363 -4.00165900860108 -3.994518255137285 -4.000989920215261 -4.00150715621894 -3.994248215945695 -4.000879670003464 -4.001804048776866 -3.995034259010034 -4.002162306591758 -4.003165111342599 -3.994147587225746 -4.003111407784107 -4.0046713575246615 -3.9958615610021933 -4.0043726808842255 -4.006225662520888 -3.996511308771374 -4.004288052396154 -4.006177851707091 -3.997549432313452 -4.005012818234287 -4.006403713625026 -3.9983476315721687 -4.005048157030092 -4.006608518373381 -3.9973074449896426 -4.00547406706775 -4.0061028572229045 -3.9977236136448355 -4.006129180892079 -4.006483915135776 -3.9964370008449834 -4.003083077965384 -4.00372880001903 -3.9912601117800617 -3.999760299691617 -4.001037301731434 
3.771149524792376 3.191555346874288 3.156406780183044 3.768286209147685 3.189179314023488 3.154313345254631 3.76634349657174 3.186296438264754 3.1519411652346463 3.7668956344708375 3.1853763738210588 3.1511989114925996 3.7661961555569645 3.185092031129091 3.15080702340973 3.7658709038326905 3.184928704177637 3.1507988533716924 3.7648969578268887 3.184426735825386 3.1522132117081916 3.7641629947968354 3.1861013458953455 3.153683103571221 3.7619837102143636 3.185461990151621 3.15374476851331 3.7617749011344057 3.1853092359430537 3.153379640656498 3.7624981184724704 3.185164428086871 3.151823933257038 3.7615166662569974 3.1839480057999685 3.1506239748787777 3.7637897882097606 3.1838739718426856 3.15026467885032 3.766214914181563 3.184116757672341 3.150460960087161 3.766999599683138 3.184542097368471 3.1507935877636335 3.7662733413406824 3.1851546008472216 3.1514022330565465 3.7656755913288724 3.186509588655576 3.152363844694712 3.7627205675239632 3.1870713914637743 3.15293217868591 3.764742150683436 3.187793764617373 3.1540242272715844 3.7659324686044666 3.1886521051606183 3.154803644780937 3.7693848700124026 3.190697503005475 3.1574850762450515 3.7706863281913447 3.1933568106864882 3.1597108535274323 3.7719428253364664 3.195696120146608 3.161623597505779 3.774173249761761 3.197842403162461 3.1641383083859416 3.7774967144926808 3.200939758074201 3.1677507662692874 3.780470182514859 3.205406757150609 3.1716116661779292 3.7845784497440853 3.207834098804431 3.173287694526896 3.78639661187809 3.2106712801653896 3.1749426544604966 3.787563053045174 3.212812473785465 3.1765426734714115 3.7895952409644535 3.2147923088337937 3.17855237503257 3.7917618347935025 3.2165121562397387 3.180310755189964 3.792026491060416 3.217301705998842 3.1815079281887773 3.791559970809057 3.216570607173281 3.1804536581673144 3.79126770024034 3.214922239522022 3.1782933691286814 3.789325088087181 3.2124011256383755 3.1763662766961733 3.785713468859491 3.2090917980741676 3.174385267989435 3.7840428403115274 3.2071060618977527 3.171615828002387 3.7824705957598455 3.2041850290128093 3.1698649070129234 3.7787734932199597 3.1999580064357978 3.1652878754423357 3.7760730600942574 3.197851058009178 3.161881715955048 3.775231753672418 3.1943885625498263 3.159156272578889 
0.005414117041630572 
2.309433278217155 
213.8087129239131 
1049.2672360150564 
83.62579378382638 
176.63906391627722 
