  28   15
 -0.010650      0.616517      0.000405     -0.718226      0.008417     -0.004004      0.633064     -0.002284     -0.008037      0.004239     -0.007627     -0.724839      0.003710      0.001621     -0.627702    
 -0.002423     -1.710872      0.000729     -1.472062      0.007646      0.000878      0.850513      0.001414     -0.004402      0.000491     -0.006756     -1.473639      0.002841     -0.001472      1.571740    
 -0.001501      0.002447      0.001432      0.000429      0.000407     -0.000740      0.013214     -0.000666     -0.000971      0.001811     -0.003254      0.001747     -0.002754     -0.000153     -0.002593    
 -0.000332     -0.001146     -0.001335     -0.001460     -0.002179     -0.000510      0.007394      0.000199      0.002161     -0.000617     -0.001081      0.003939      0.001768      0.000463      0.000699    
  0.003549     -0.002744      0.000367      0.003244     -0.002876      0.000884      0.003066      0.000477      0.007545     -0.000603      0.000599      0.003115      0.000678     -0.000266      0.003496    
  0.003567     -0.005034     -0.004325      0.003788     -0.003147      0.000280     -0.006980      0.000152      0.002694     -0.003907      0.004328     -0.004995      0.004552      0.001014     -0.001947    
  0.005813      0.002418      0.001666     -0.000196     -0.003675      0.000594     -0.007095     -0.000066      0.005469      0.000252      0.002526      0.002881     -0.000456      0.000392      0.006150    
 -0.006826      0.000381     -0.004264     -0.002161      0.002660     -0.004159      0.002696     -0.003963      0.002072      0.003778     -0.001517     -0.001925     -0.000132      0.003498     -0.003349    
  0.001629      0.000394     -0.002642     -0.000478     -0.005196      0.001318      0.009765      0.000784     -0.003924     -0.002333      0.004721      0.000340     -0.002470     -0.000328     -0.003388    
  0.002964      0.004607     -0.002639     -0.003891     -0.004138     -0.000301      0.005367     -0.000832     -0.006122     -0.000711      0.003019      0.002609     -0.000599      0.002714      0.003464    
 -0.002246      0.858362      0.001670      0.735420      0.006372      0.001063     -0.416778      0.001417     -0.010159      0.000525     -0.006021      0.738103      0.000720     -0.001591     -0.788545    
 -0.002922     -0.002866     -0.000714      0.000948      0.000048     -0.002098      0.000552     -0.002093     -0.002565      0.002182      0.000109     -0.002952     -0.003869      0.001785     -0.003153    
  0.002134      0.001393     -0.001944     -0.000745      0.001541     -0.000364      0.001663     -0.002576      0.002152      0.000966      0.001642      0.000249     -0.000990      0.001718     -0.001751    
  0.005776      0.000365      0.002532      0.000833     -0.004645      0.003202     -0.005308      0.002112      0.006537     -0.003206      0.004752     -0.002063      0.001804     -0.001850     -0.000509    
  0.002228      0.000759     -0.005350     -0.001150     -0.001985     -0.000609      0.018703     -0.000297      0.002538     -0.004085      0.004635      0.004779      0.005216      0.000998     -0.000139    
  0.006910     -0.000828      0.003005      0.001384     -0.006413      0.001185     -0.008176      0.001244      0.004659     -0.001838      0.001758     -0.005339      0.001288     -0.000428     -0.004962    
 -0.003882     -0.001785     -0.005638      0.002076      0.001072     -0.002964     -0.001015     -0.003294      0.002182      0.001590     -0.001408      0.001466      0.000604      0.003051      0.003909    
  0.001307      0.001697     -0.002418      0.001076     -0.001109     -0.000321     -0.002993     -0.001891     -0.002114      0.000267      0.002030      0.003349     -0.003228      0.002264      0.003647    
  0.001728     -0.003598     -0.003691      0.002891     -0.003928     -0.000486      0.002713     -0.001618     -0.005960     -0.000638      0.005003      0.000573     -0.000747      0.001153     -0.000722    
 -0.002646      0.853455      0.000023      0.738324      0.007699      0.000373     -0.425820      0.000394     -0.010219      0.000557     -0.003840      0.736963      0.003540     -0.000524     -0.783644    
 -0.003268      0.002768      0.000198     -0.000286      0.001057     -0.000601     -0.004070     -0.000458     -0.000113      0.001935     -0.001236      0.002835     -0.001489      0.001012      0.003649    
 -0.000570     -0.000145     -0.001602     -0.000140      0.000011     -0.001596     -0.006276     -0.000649      0.000535      0.001569     -0.002517     -0.002879      0.000497      0.001520     -0.000630    
  0.003406      0.003578     -0.000261     -0.002491     -0.005348      0.001051      0.001826      0.000945      0.006653     -0.000759      0.002488     -0.000868     -0.001559     -0.001216      0.000020    
  0.003647      0.003572     -0.000457     -0.001971     -0.003880      0.002898     -0.006408      0.000408      0.000824     -0.002678      0.004778      0.000587      0.001436     -0.000251      0.003280    
  0.004256     -0.001651      0.003782     -0.000587     -0.004927      0.002624      0.011107      0.002396      0.006045     -0.001848      0.003963      0.000449      0.001199     -0.003799     -0.001620    
 -0.006364      0.000803     -0.002665     -0.000163      0.002131     -0.003115     -0.001418     -0.002745      0.003424      0.003536     -0.003180     -0.000199      0.002041      0.003453      0.000848    
 -0.000173     -0.002213     -0.002237      0.002398     -0.004748     -0.000897     -0.003244     -0.000533     -0.005232     -0.001598      0.004897     -0.002031     -0.003523      0.000423     -0.000864    
  0.002091     -0.002746      0.000467      0.001249     -0.004757      0.000378      0.002610      0.000338     -0.005665     -0.002167      0.002840     -0.001715      0.001872     -0.000833     -0.003035    
  15    5
  0.000958      0.000960      0.000958     -0.000959     -0.000962    
 -0.649878     -0.640669     -0.651244      0.653431      0.642706    
  0.000969      0.000970      0.000969     -0.000970     -0.000971    
 -1.011201     -0.997934     -1.017079      1.036862      1.029616    
  0.000049      0.000047      0.000050     -0.000049     -0.000047    
  0.000303      0.000313      0.000382     -0.000348     -0.000265    
 -0.281950     -0.282354     -0.278190      0.289137      0.273751    
  0.000366      0.000364      0.000366     -0.000366     -0.000365    
 -0.037970     -0.024454     -0.035759      0.028196      0.022439    
  0.000055      0.000054      0.000056     -0.000056     -0.000055    
 -0.000579     -0.000576     -0.000580      0.000578      0.000575    
  0.856682      0.822061      0.840123     -0.845983     -0.862088    
  0.000142      0.000141      0.000142     -0.000142     -0.000141    
 -0.000388     -0.000388     -0.000388      0.000388      0.000389    
 -0.721542     -0.680871     -0.709058      0.718369      0.701801    
   5    1
  1.499241    
  1.449418    
  1.488408    
 -1.511744    
 -1.499002    
   1    1
  0.002264    
  15
  0.001704     -1.396263     -0.000335      1.409945     -0.000429      0.000099      1.383828     -0.000383      1.734198      0.001050     -0.000066     -1.413690     -0.002299      0.000150     -1.381899    
   5
  0.662896      0.649958      0.659747     -0.668004     -0.674465    
   1
  0.550851    
-0.0014296676247268264 -3.994732814644626 -3.9884125283146057 -4.000203046072497 -4.0007764763349 -4.003935225148051 -4.004433216456462 -3.9903221357940732 -4.006287629659366 -3.9953647918371438 -3.9936331382724437 -3.988888455726568 -3.9996545522272364 -3.9993645530869237 -4.003419117485963 -4.004151363967801 -3.9924035645803455 -4.005809972760399 -3.9969475924210673 -3.9945040755838126 -3.9868886258681986 -4.001322049628404 -4.001284181481532 -4.003736241607453 -4.005054650995675 -3.9892563205980056 -4.005781587690428 -3.9946622965430496
0.5792399484747499 3.7667819708079437 3.766895873547181 3.7721735346093004 3.7681353577193573 3.7788452456716946 3.7706568945031527 3.7686033628014233 3.7754590167275217 3.771125141007661 3.7665138696853653 3.7672952769151746 3.773239383323349 3.767770903254815 3.7781579689043556 3.771042781972304 3.7692739549554455 3.773679842149213 3.771102921472632 3.766198911636391 3.7660124959132353 3.772375021225722 3.768039613673228 3.7780924920571453 3.7703227723702906 3.76767074991909 3.7767832381119946 3.7714380190988805
4.428753221015119
24.192683128504342
